$ANSIBLE_VAULT;1.1;AES256
31623762643933663162363062343763393263383031663963396563653238373631343037636332
6334656635623030326234616332366139323063353731620a343966396138353663366638613534
63626366306330626166303764346534376437663966383330316463306535663636356362656236
3365356264653066660a383731646132323863663938383730346161383933623562303032353634
63633864383563383339396665323064613261616431366535376530616561393030353733653737
37333834336362393361313035323264343465616466313165393463323137323539383037626132
63343063383265616261343834616633653238303334653730333862393136653135393761656239
61613933663635353761396462643861306532623436383266666534383366306537316633613332
36303765623039643363323163313736343766643135336437636662383531383865323766323361
37363032393639346263643963353834663731393439633536313633376537333534303265333130
35343766663064383336653332346463653537326430663638323332666666633733303165326438
31373039383534363539376235366130663264613938333238646534303963653339633635623831
37626139306662383638613932633031323033633062386161636535333064386333346561663461
34613562306638343631366338323638613533306334653263623336626437643465663430353865
65626436383932323637636331653862373933316233353034343739623032623037353330633862
34626130386465343466363534373037376161643466393164383663643832636331326434346166
39666166393062663334643538636138336430656330613931333739393864336132616363663434
64626437343961353433366130323262636439316537616130623735666134333361663539303366
64323730333537393535376664396231666135393335323162653063636331366132383964663933
37363434343339316165633033303837306261656664393765646564666331636164366631306432
64663734386531643134396130333232323363626532653033653361373261393565323862376162
65626561396664663937356535616261653162363163373231663261666433383637656132386561
33386636353335636262626236616266383331383139646466323031643261346431326661333332
37646538666564376233363336616136323466623439363434653834656263633137653232393330
37646330396235323236393639663634613639303661396334326535363537323734
